19
28
37
46
55
64
73
82
91
109
118
127
136
145
154
163
172
181
190
208
217
226
235
244
253
262
271
280
289
307
316
325
334
343
352
361
370
379
388
406
415
424
433
442
451
460
469
478
487
505
514
523
532
541
550
559
568
577
586
604
613
622
631
640
649
658
667
676
685
703
712
721
730
739
748
757
766
775
784
802
811
820
829
838
847
856
865
874
883
901
910
919
928
937
946
955
964
973
982
1000
1009
1018
1027
1036
1045
1054
1063
1072
1081
1099
1108
1117
1126
1135
1144
1153
1162
1171
1180
1198
1207
1216
1225
1234
1243
1252
1261
1270
1279
1297
1306
1315
1324
1333
1342
1351
1360
1369
1378
1396
1405
1414
1423
1432
1441
1450
1459
1468
1477
1495
1504
1513
1522
1531
1540
1549
1558
1567
1576
1594
1603
1612
1621
1630
1639
1648
1657
1666
1675
1693
1702
1711
1720
1729
1738
1747
1756
1765
1774
1792
1801
1810
1819
1828
1837
1846
1855
1864
1873
1891
1900
1909
1918
1927
1936
1945
1954
1963
1972
1990
1999
2008
2017
2026
2035
2044
2053
2062
2071
2089
2098
2107
2116
2125
2134
2143
2152
2161
2170
2188
2197
2206
2215
2224
2233
2242
2251
2260
2269
2287
2296
2305
2314
2323
2332
2341
2350
2359
2368
2386
2395
2404
2413
2422
2431
2440
2449
2458
2467
2485
2494
2503
2512
2521
2530
2539
2548
2557
2566
2584
2593
2602
2611
2620
2629
2638
2647
2656
2665
2683
2692
2701
2710
2719
2728
2737
2746
2755
2764
2782
2791
2800
2809
2818
2827
2836
2845
2854
2863
2881
2890
2899
2908
2917
2926
2935
2944
2953
2962
2980
2989
2998
3007
3016
3025
3034
3043
3052
3061
3079
3088
3097
3106
3115
3124
3133
3142
3151
3160
3178
3187
3196
3205
3214
3223
3232
3241
3250
3259
3277
3286
3295
3304
3313
3322
3331
3340
3349
3358
3376
3385
3394
3403
3412
3421
3430
3439
3448
3457
3475
3484
3493
3502
3511
3520
3529
3538
3547
3556
3574
3583
3592
3601
3610
3619
3628
3637
3646
3655
3673
3682
3691
3700
3709
3718
3727
3736
3745
3754
3772
3781
3790
3799
3808
3817
3826
3835
3844
3853
3871
3880
3889
3898
3907
3916
3925
3934
3943
3952
3970
3979
3988
3997
4006
4015
4024
4033
4042
4051
4069
4078
4087
4096
4105
4114
4123
4132
4141
4150
4168
4177
4186
4195
4204
4213
4222
4231
4240
4249
4267
4276
4285
4294
4303
4312
4321
4330
4339
4348
4366
4375
4384
4393
4402
4411
4420
4429
4438
4447
4465
4474
4483
4492
4501
4510
4519
4528
4537
4546
4564
4573
4582
4591
4600
4609
4618
4627
4636
4645
4663
4672
4681
4690
4699
4708
4717
4726
4735
4744
4762
4771
4780
4789
4798
4807
4816
4825
4834
4843
4861
4870
4879
4888
4897
4906
4915
4924
4933
4942
4960
4969
4978
4987
4996
5005
5014
5023
5032
5041
5059
5068
5077
5086
5095
5104
5113
5122
5131
5140
5158
5167
5176
5185
5194
5203
5212
5221
5230
5239
5257
5266
5275
5284
5293
5302
5311
5320
5329
5338
5356
5365
5374
5383
5392
5401
5410
5419
5428
5437
5455
5464
5473
5482
5491
5500
5509
5518
5527
5536
5554
5563
5572
5581
5590
5599
5608
5617
5626
5635
5653
5662
5671
5680
5689
5698
5707
5716
5725
5734
5752
5761
5770
5779
5788
5797
5806
5815
5824
5833
5851
5860
5869
5878
5887
5896
5905
5914
5923
5932
5950
5959
5968
5977
5986
5995
6004
6013
6022
6031
6049
6058
6067
6076
6085
6094
6103
6112
6121
6130
6148
6157
6166
6175
6184
6193
6202
6211
6220
6229
6247
6256
6265
6274
6283
6292
6301
6310
6319
6328
6346
6355
6364
6373
6382
6391
6400
6409
6418
6427
6445
6454
6463
6472
6481
6490
6499
6508
6517
6526
6544
6553
6562
6571
6580
6589
6598
6607
6616
6625
6643
6652
6661
6670
6679
6688
6697
6706
6715
6724
6742
6751
6760
6769
6778
6787
6796
6805
6814
6823
6841
6850
6859
6868
6877
6886
6895
6904
6913
6922
6940
6949
6958
6967
6976
6985
6994
7003
7012
7021
7039
7048
7057
7066
7075
7084
7093
7102
7111
7120
7138
7147
7156
7165
7174
7183
7192
7201
7210
7219
7237
7246
7255
7264
7273
7282
7291
7300
7309
7318
7336
7345
7354
7363
7372
7381
7390
7399
7408
7417
7435
7444
7453
7462
7471
7480
7489
7498
7507
7516
7534
7543
7552
7561
7570
7579
7588
7597
7606
7615
7633
7642
7651
7660
7669
7678
7687
7696
7705
7714
7732
7741
7750
7759
7768
7777
7786
7795
7804
7813
7831
7840
7849
7858
7867
7876
7885
7894
7903
7912
7930
7939
7948
7957
7966
7975
7984
7993
8002
8011
8029
8038
8047
8056
8065
8074
8083
8092
8101
8110
8128
8137
8146
8155
8164
8173
8182
8191
8200
8209
8227
8236
8245
8254
8263
8272
8281
8290
8299
8308
8326
8335
8344
8353
8362
8371
8380
8389
8398
8407
8425
8434
8443
8452
8461
8470
8479
8488
8497
8506
8524
8533
8542
8551
8560
8569
8578
8587
8596
8605
8623
8632
8641
8650
8659
8668
8677
8686
8695
8704
8722
8731
8740
8749
8758
8767
8776
8785
8794
8803
8821
8830
8839
8848
8857
8866
8875
8884
8893
8902
8920
8929
8938
8947
8956
8965
8974
8983
8992
9001
9019
9028
9037
9046
9055
9064
9073
9082
9091
9100
9118
9127
9136
9145
9154
9163
9172
9181
9190
9199
9217
9226
9235
9244
9253
9262
9271
9280
9289
9298
9316
9325
9334
9343
9352
9361
9370
9379
9388
9397
9415
9424
9433
9442
9451
9460
9469
9478
9487
9496
9514
9523
9532
9541
9550
9559
9568
9577
9586
9595
9613
9622
9631
9640
9649
9658
9667
9676
9685
9694
9712
9721
9730
9739
9748
9757
9766
9775
9784
9793
9811
9820
9829
9838
9847
9856
9865
9874
9883
9892
9910
9919
9928
9937
9946
9955
9964
9973
9982
9991
10009
10018
10027
10036
10045
10054
10063
10072
10081
10090
10108
10117
10126
10135
10144
10153
10162
10171
10180
10189
10207
10216
10225
10234
10243
10252
10261
10270
10279
10288
10306
10315
10324
10333
10342
10351
10360
10369
10378
10387
10405
10414
10423
10432
10441
10450
10459
10468
10477
10486
10504
10513
10522
10531
10540
10549
10558
10567
10576
10585
10603
10612
10621
10630
10639
10648
10657
10666
10675
10684
10702
10711
10720
10729
10738
10747
10756
10765
10774
10783
10801
10810
10819
10828
10837
10846
10855
10864
10873
10882
10900
10909
10918
10927
10936
10945
10954
10963
10972
10981
10999
11008
11017
11026
11035
11044
11053
11062
11071
11080
11098
11107
11116
11125
11134
11143
11152
11161
11170
11179
11197
11206
11215
11224
11233
11242
11251
11260
11269
11278
11296
11305
11314
11323
11332
11341
11350
11359
11368
11377
11395
11404
11413
11422
11431
11440
11449
11458
11467
11476
11494
11503
11512
11521
11530
11539
11548
11557
11566
11575
11593
11602
11611
11620
11629
11638
11647
11656
11665
11674
11692
11701
11710
11719
11728
11737
11746
11755
11764
11773
11791
11800
11809
11818
11827
11836
11845
11854
11863
11872
11890
11899
11908
11917
11926
11935
11944
11953
11962
11971
11989
11998
12007
12016
12025
12034
12043
12052
12061
12070
12088
12097
12106
12115
12124
12133
12142
12151
12160
12169
12187
12196
12205
12214
12223
12232
12241
12250
12259
12268
12286
12295
12304
12313
12322
12331
12340
12349
12358
12367
12385
12394
12403
12412
12421
12430
12439
12448
12457
12466
12484
12493
12502
12511
12520
12529
12538
12547
12556
12565
12583
12592
12601
12610
12619
12628
12637
12646
12655
12664
12682
12691
12700
12709
12718
12727
12736
12745
12754
12763
12781
12790
12799
12808
12817
12826
12835
12844
12853
12862
12880
12889
12898
12907
12916
12925
12934
12943
12952
12961
12979
12988
12997
13006
13015
13024
13033
13042
13051
13060
13078
13087
13096
13105
13114
13123
13132
13141
13150
13159
13177
13186
13195
13204
13213
13222
13231
13240
13249
13258
13276
13285
13294
13303
13312
13321
13330
13339
13348
13357
13375
13384
13393
13402
13411
13420
13429
13438
13447
13456
13474
13483
13492
13501
13510
13519
13528
13537
13546
13555
13573
13582
13591
13600
13609
13618
13627
13636
13645
13654
13672
13681
13690
13699
13708
13717
13726
13735
13744
13753
13771
13780
13789
13798
13807
13816
13825
13834
13843
13852
13870
13879
13888
13897
13906
13915
13924
13933
13942
13951
13969
13978
13987
13996
14005
14014
14023
14032
14041
14050
14068
14077
14086
14095
14104
14113
14122
14131
14140
14149
14167
14176
14185
14194
14203
14212
14221
14230
14239
14248
14266
14275
14284
14293
14302
14311
14320
14329
14338
14347
14365
14374
14383
14392
14401
14410
14419
14428
14437
14446
14464
14473
14482
14491
14500
14509
14518
14527
14536
14545
14563
14572
14581
14590
14599
14608
14617
14626
14635
14644
14662
14671
14680
14689
14698
14707
14716
14725
14734
14743
14761
14770
14779
14788
14797
14806
14815
14824
14833
14842
14860
14869
14878
14887
14896
14905
14914
14923
14932
14941
14959
14968
14977
14986
14995
15004
15013
15022
15031
15040
15058
15067
15076
15085
15094
15103
15112
15121
15130
15139
15157
15166
15175
15184
15193
15202
15211
15220
15229
15238
15256
15265
15274
15283
15292
15301
15310
15319
15328
15337
15355
15364
15373
15382
15391
15400
15409
15418
15427
15436
15454
15463
15472
15481
15490
15499
15508
15517
15526
15535
15553
15562
15571
15580
15589
15598
15607
15616
15625
15634
15652
15661
15670
15679
15688
15697
15706
15715
15724
15733
15751
15760
15769
15778
15787
15796
15805
15814
15823
15832
15850
15859
15868
15877
15886
15895
15904
15913
15922
15931
15949
15958
15967
15976
15985
15994
16003
16012
16021
16030
16048
16057
16066
16075
16084
16093
16102
16111
16120
16129
16147
16156
16165
16174
16183
16192
16201
16210
16219
16228
16246
16255
16264
16273
16282
16291
16300
16309
16318
16327
16345
16354
16363
16372
16381
16390
16399
16408
16417
16426
16444
16453
16462
16471
16480
16489
16498
16507
16516
16525
16543
16552
16561
16570
16579
16588
16597
16606
16615
16624
16642
16651
16660
16669
16678
16687
16696
16705
16714
16723
16741
16750
16759
16768
16777
16786
16795
16804
16813
16822
16840
16849
16858
16867
16876
16885
16894
16903
16912
16921
16939
16948
16957
16966
16975
16984
16993
17002
17011
17020
17038
17047
17056
17065
17074
17083
17092
17101
17110
17119
17137
17146
17155
17164
17173
17182
17191
17200
17209
17218
17236
17245
17254
17263
17272
17281
17290
17299
17308
17317
17335
17344
17353
17362
17371
17380
17389
17398
17407
17416
17434
17443
17452
17461
17470
17479
17488
17497
17506
17515
17533
17542
17551
17560
17569
17578
17587
17596
17605
17614
17632
17641
17650
17659
17668
17677
17686
17695
17704
17713
17731
17740
17749
17758
17767
17776
17785
17794
17803
17812
17830
17839
17848
17857
17866
17875
17884
17893
17902
17911
17929
17938
17947
17956
17965
17974
17983
17992
18001
18010
18028
18037
18046
18055
18064
18073
18082
18091
18100
18109
18127
18136
18145
18154
18163
18172
18181
18190
18199
18208
18226
18235
18244
18253
18262
18271
18280
18289
18298
18307
18325
18334
18343
18352
18361
18370
18379
18388
18397
18406
18424
18433
18442
18451
18460
18469
18478
18487
18496
18505
18523
18532
18541
18550
18559
18568
18577
18586
18595
18604
18622
18631
18640
18649
18658
18667
18676
18685
18694
18703
18721
18730
18739
18748
18757
18766
18775
18784
18793
18802
18820
18829
18838
18847
18856
18865
18874
18883
18892
18901
18919
18928
18937
18946
18955
18964
18973
18982
18991
19000
19018
19027
19036
19045
19054
19063
19072
19081
19090
19099
19117
19126
19135
19144
19153
19162
19171
19180
19189
19198
19216
19225
19234
19243
19252
19261
19270
19279
19288
19297
19315
19324
19333
19342
19351
19360
19369
19378
19387
19396
19414
19423
19432
19441
19450
19459
19468
19477
19486
19495
19513
19522
19531
19540
19549
19558
19567
19576
19585
19594
19612
19621
19630
19639
19648
19657
19666
19675
19684
19693
19711
19720
19729
19738
19747
19756
19765
19774
19783
19792
19810
19819
19828
19837
19846
19855
19864
19873
19882
19891
19909
19918
19927
19936
19945
19954
19963
19972
19981
19990
20008
20017
20026
20035
20044
20053
20062
20071
20080
20089
20107
20116
20125
20134
20143
20152
20161
20170
20179
20188
20206
20215
20224
20233
20242
20251
20260
20269
20278
20287
20305
20314
20323
20332
20341
20350
20359
20368
20377
20386
20404
20413
20422
20431
20440
20449
20458
20467
20476
20485
20503
20512
20521
20530
20539
20548
20557
20566
20575
20584
20602
20611
20620
20629
20638
20647
20656
20665
20674
20683
20701
20710
20719
20728
20737
20746
20755
20764
20773
20782
20800
20809
20818
20827
20836
20845
20854
20863
20872
20881
20899
20908
20917
20926
20935
20944
20953
20962
20971
20980
20998
21007
21016
21025
21034
21043
21052
21061
21070
21079
21097
21106
21115
21124
21133
21142
21151
21160
21169
21178
21196
21205
21214
21223
21232
21241
21250
21259
21268
21277
21295
21304
21313
21322
21331
21340
21349
21358
21367
21376
21394
21403
21412
21421
21430
21439
21448
21457
21466
21475
21493
21502
21511
21520
21529
21538
21547
21556
21565
21574
21592
21601
21610
21619
21628
21637
21646
21655
21664
21673
21691
21700
21709
21718
21727
21736
21745
21754
21763
21772
21790
21799
21808
21817
21826
21835
21844
21853
21862
21871
21889
21898
21907
21916
21925
21934
21943
21952
21961
21970
21988
21997
22006
22015
22024
22033
22042
22051
22060
22069
22087
22096
22105
22114
22123
22132
22141
22150
22159
22168
22186
22195
22204
22213
22222
22231
22240
22249
22258
22267
22285
22294
22303
22312
22321
22330
22339
22348
22357
22366
22384
22393
22402
22411
22420
22429
22438
22447
22456
22465
22483
22492
22501
22510
22519
22528
22537
22546
22555
22564
22582
22591
22600
22609
22618
22627
22636
22645
22654
22663
22681
22690
22699
22708
22717
22726
22735
22744
22753
22762
22780
22789
22798
22807
22816
22825
22834
22843
22852
22861
22879
22888
22897
22906
22915
22924
22933
22942
22951
22960
22978
22987
22996
23005
23014
23023
23032
23041
23050
23059
23077
23086
23095
23104
23113
23122
23131
23140
23149
23158
23176
23185
23194
23203
23212
23221
23230
23239
23248
23257
23275
23284
23293
23302
23311
23320
23329
23338
23347
23356
23374
23383
23392
23401
23410
23419
23428
23437
23446
23455
23473
23482
23491
23500
23509
23518
23527
23536
23545
23554
23572
23581
23590
23599
23608
23617
23626
23635
23644
23653
23671
23680
23689
23698
23707
23716
23725
23734
23743
23752
23770
23779
23788
23797
23806
23815
23824
23833
23842
23851
23869
23878
23887
23896
23905
23914
23923
23932
23941
23950
23968
23977
23986
23995
24004
24013
24022
24031
24040
24049
24067
24076
24085
24094
24103
24112
24121
24130
24139
24148
24166
24175
24184
24193
24202
24211
24220
24229
24238
24247
24265
24274
24283
24292
24301
24310
24319
24328
24337
24346
24364
24373
24382
24391
24400
24409
24418
24427
24436
24445
24463
24472
24481
24490
24499
24508
24517
24526
24535
24544
24562
24571
24580
24589
24598
24607
24616
24625
24634
24643
24661
24670
24679
24688
24697
24706
24715
24724
24733
24742
24760
24769
24778
24787
24796
24805
24814
24823
24832
24841
24859
24868
24877
24886
24895
24904
24913
24922
24931
24940
24958
24967
24976
24985
24994
25003
25012
25021
25030
25039
25057
25066
25075
25084
25093
25102
25111
25120
25129
25138
25156
25165
25174
25183
25192
25201
25210
25219
25228
25237
25255
25264
25273
25282
25291
25300
25309
25318
25327
25336
25354
25363
25372
25381
25390
25399
25408
25417
25426
25435
25453
25462
25471
25480
25489
25498
25507
25516
25525
25534
25552
25561
25570
25579
25588
25597
25606
25615
25624
25633
25651
25660
25669
25678
25687
25696
25705
25714
25723
25732
25750
25759
25768
25777
25786
25795
25804
25813
25822
25831
25849
25858
25867
25876
25885
25894
25903
25912
25921
25930
25948
25957
25966
25975
25984
25993
26002
26011
26020
26029
26047
26056
26065
26074
26083
26092
26101
26110
26119
26128
26146
26155
26164
26173
26182
26191
26200
26209
26218
26227
26245
26254
26263
26272
26281
26290
26299
26308
26317
26326
26344
26353
26362
26371
26380
26389
26398
26407
26416
26425
26443
26452
26461
26470
26479
26488
26497
26506
26515
26524
26542
26551
26560
26569
26578
26587
26596
26605
26614
26623
26641
26650
26659
26668
26677
26686
26695
26704
26713
26722
26740
26749
26758
26767
26776
26785
26794
26803
26812
26821
26839
26848
26857
26866
26875
26884
26893
26902
26911
26920
26938
26947
26956
26965
26974
26983
26992
27001
27010
27019
27037
27046
27055
27064
27073
27082
27091
27100
27109
27118
27136
27145
27154
27163
27172
27181
27190
27199
27208
27217
27235
27244
27253
27262
27271
27280
27289
27298
27307
27316
27334
27343
27352
27361
27370
27379
27388
27397
27406
27415
27433
27442
27451
27460
27469
27478
27487
27496
27505
27514
27532
27541
27550
27559
27568
27577
27586
27595
27604
27613
27631
27640
27649
27658
27667
27676
27685
27694
27703
27712
27730
27739
27748
27757
27766
27775
27784
27793
27802
27811
27829
27838
27847
27856
27865
27874
27883
27892
27901
27910
27928
27937
27946
27955
27964
27973
27982
27991
28000
28009
28027
28036
28045
28054
28063
28072
28081
28090
28099
28108
28126
28135
28144
28153
28162
28171
28180
28189
28198
28207
28225
28234
28243
28252
28261
28270
28279
28288
28297
28306
28324
28333
28342
28351
28360
28369
28378
28387
28396
28405
28423
28432
28441
28450
28459
28468
28477
28486
28495
28504
28522
28531
28540
28549
28558
28567
28576
28585
28594
28603
28621
28630
28639
28648
28657
28666
28675
28684
28693
28702
28720
28729
28738
28747
28756
28765
28774
28783
28792
28801
28819
28828
28837
28846
28855
28864
28873
28882
28891
28900
28918
28927
28936
28945
28954
28963
28972
28981
28990
28999
29017
29026
29035
29044
29053
29062
29071
29080
29089
29098
29116
29125
29134
29143
29152
29161
29170
29179
29188
29197
29215
29224
29233
29242
29251
29260
29269
29278
29287
29296
29314
29323
29332
29341
29350
29359
29368
29377
29386
29395
29413
29422
29431
29440
29449
29458
29467
29476
29485
29494
29512
29521
29530
29539
29548
29557
29566
29575
29584
29593
29611
29620
29629
29638
29647
29656
29665
29674
29683
29692
29710
29719
29728
29737
29746
29755
29764
29773
29782
29791
29809
29818
29827
29836
29845
29854
29863
29872
29881
29890
29908
29917
29926
29935
29944
29953
29962
29971
29980
29989
30007
30016
30025
30034
30043
30052
30061
30070
30079
30088
30106
30115
30124
30133
30142
30151
30160
30169
30178
30187
30205
30214
30223
30232
30241
30250
30259
30268
30277
30286
30304
30313
30322
30331
30340
30349
30358
30367
30376
30385
30403
30412
30421
30430
30439
30448
30457
30466
30475
30484
30502
30511
30520
30529
30538
30547
30556
30565
30574
30583
30601
30610
30619
30628
30637
30646
30655
30664
30673
30682
30700
30709
30718
30727
30736
30745
30754
30763
30772
30781
30799
30808
30817
30826
30835
30844
30853
30862
30871
30880
30898
30907
30916
30925
30934
30943
30952
30961
30970
30979
30997
31006
31015
31024
31033
31042
31051
31060
31069
31078
31096
31105
31114
31123
31132
31141
31150
31159
31168
31177
31195
31204
31213
31222
31231
31240
31249
31258
31267
31276
31294
31303
31312
31321
31330
31339
31348
31357
31366
31375
31393
31402
31411
31420
31429
31438
31447
31456
31465
31474
31492
31501
31510
31519
31528
31537
31546
31555
31564
31573
31591
31600
31609
31618
31627
31636
31645
31654
31663
31672
31690
31699
31708
31717
31726
31735
31744
31753
31762
31771
31789
31798
31807
31816
31825
31834
31843
31852
31861
31870
31888
31897
31906
31915
31924
31933
31942
31951
31960
31969
31987
31996
32005
32014
32023
32032
32041
32050
32059
32068
32086
32095
32104
32113
32122
32131
32140
32149
32158
32167
32185
32194
32203
32212
32221
32230
32239
32248
32257
32266
32284
32293
32302
32311
32320
32329
32338
32347
32356
32365
32383
32392
32401
32410
32419
32428
32437
32446
32455
32464
32482
32491
32500
32509
32518
32527
32536
32545
32554
32563
32581
32590
32599
32608
32617
32626
32635
32644
32653
32662
32680
32689
32698
32707
32716
32725
32734
32743
32752
32761
32779
32788
32797
32806
32815
32824
32833
32842
32851
32860
32878
32887
32896
32905
32914
32923
32932
32941
32950
32959
32977
32986
32995
33004
33013
33022
33031
33040
33049
33058
33076
33085
33094
33103
33112
33121
33130
33139
33148
33157
33175
33184
33193
33202
33211
33220
33229
33238
33247
33256
33274
33283
33292
33301
33310
33319
33328
33337
33346
33355
33373
33382
33391
33400
33409
33418
33427
33436
33445
33454
33472
33481
33490
33499
33508
33517
33526
33535
33544
33553
33571
33580
33589
33598
33607
33616
33625
33634
33643
33652
33670
33679
33688
33697
33706
33715
33724
33733
33742
33751
33769
33778
33787
33796
33805
33814
33823
33832
33841
33850
33868
33877
33886
33895
33904
33913
33922
33931
33940
33949
33967
33976
33985
33994
34003
34012
34021
34030
34039
34048
34066
34075
34084
34093
34102
34111
34120
34129
34138
34147
34165
34174
34183
34192
34201
34210
34219
34228
34237
34246
34264
34273
34282
34291
34300
34309
34318
34327
34336
34345
34363
34372
34381
34390
34399
34408
34417
34426
34435
34444
34462
34471
34480
34489
34498
34507
34516
34525
34534
34543
34561
34570
34579
34588
34597
34606
34615
34624
34633
34642
34660
34669
34678
34687
34696
34705
34714
34723
34732
34741
34759
34768
34777
34786
34795
34804
34813
34822
34831
34840
34858
34867
34876
34885
34894
34903
34912
34921
34930
34939
34957
34966
34975
34984
34993
35002
35011
35020
35029
35038
35056
35065
35074
35083
35092
35101
35110
35119
35128
35137
35155
35164
35173
35182
35191
35200
35209
35218
35227
35236
35254
35263
35272
35281
35290
35299
35308
35317
35326
35335
35353
35362
35371
35380
35389
35398
35407
35416
35425
35434
35452
35461
35470
35479
35488
35497
35506
35515
35524
35533
35551
35560
35569
35578
35587
35596
35605
35614
35623
35632
35650
35659
35668
35677
35686
35695
35704
35713
35722
35731
35749
35758
35767
35776
35785
35794
35803
35812
35821
35830
35848
35857
35866
35875
35884
35893
35902
35911
35920
35929
35947
35956
35965
35974
35983
35992
36001
36010
36019
36028
36046
36055
36064
36073
36082
36091
36100
36109
36118
36127
36145
36154
36163
36172
36181
36190
36199
36208
36217
36226
36244
36253
36262
36271
36280
36289
36298
36307
36316
36325
36343
36352
36361
36370
36379
36388
36397
36406
36415
36424
36442
36451
36460
36469
36478
36487
36496
36505
36514
36523
36541
36550
36559
36568
36577
36586
36595
36604
36613
36622
36640
36649
36658
36667
36676
36685
36694
36703
36712
36721
36739
36748
36757
36766
36775
36784
36793
36802
36811
36820
36838
36847
36856
36865
36874
36883
36892
36901
36910
36919
36937
36946
36955
36964
36973
36982
36991
37000
37009
37018
37036
37045
37054
37063
37072
37081
37090
37099
37108
37117
37135
37144
37153
37162
37171
37180
37189
37198
37207
37216
37234
37243
37252
37261
37270
37279
37288
37297
37306
37315
37333
37342
37351
37360
37369
37378
37387
37396
37405
37414
37432
37441
37450
37459
37468
37477
37486
37495
37504
37513
37531
37540
37549
37558
37567
37576
37585
37594
37603
37612
37630
37639
37648
37657
37666
37675
37684
37693
37702
37711
37729
37738
37747
37756
37765
37774
37783
37792
37801
37810
37828
37837
37846
37855
37864
37873
37882
37891
37900
37909
37927
37936
37945
37954
37963
37972
37981
37990
37999
38008
38026
38035
38044
38053
38062
38071
38080
38089
38098
38107
38125
38134
38143
38152
38161
38170
38179
38188
38197
38206
38224
38233
38242
38251
38260
38269
38278
38287
38296
38305
38323
38332
38341
38350
38359
38368
38377
38386
38395
38404
38422
38431
38440
38449
38458
38467
38476
38485
38494
38503
38521
38530
38539
38548
38557
38566
38575
38584
38593
38602
38620
38629
38638
38647
38656
38665
38674
38683
38692
38701
38719
38728
38737
38746
38755
38764
38773
38782
38791
38800
38818
38827
38836
38845
38854
38863
38872
38881
38890
38899
38917
38926
38935
38944
38953
38962
38971
38980
38989
38998
39016
39025
39034
39043
39052
39061
39070
39079
39088
39097
39115
39124
39133
39142
39151
39160
39169
39178
39187
39196
39214
39223
39232
39241
39250
39259
39268
39277
39286
39295
39313
39322
39331
39340
39349
39358
39367
39376
39385
39394
39412
39421
39430
39439
39448
39457
39466
39475
39484
39493
39511
39520
39529
39538
39547
39556
39565
39574
39583
39592
39610
39619
39628
39637
39646
39655
39664
39673
39682
39691
39709
39718
39727
39736
39745
39754
39763
39772
39781
39790
39808
39817
39826
39835
39844
39853
39862
39871
39880
39889
39907
39916
39925
39934
39943
39952
39961
39970
39979
39988
40006
40015
40024
40033
40042
40051
40060
40069
40078
40087
40105
40114
40123
40132
40141
40150
40159
40168
40177
40186
40204
40213
40222
40231
40240
40249
40258
40267
40276
40285
40303
40312
40321
40330
40339
40348
40357
40366
40375
40384
40402
40411
40420
40429
40438
40447
40456
40465
40474
40483
40501
40510
40519
40528
40537
40546
40555
40564
40573
40582
40600
40609
40618
40627
40636
40645
40654
40663
40672
40681
40699
40708
40717
40726
40735
40744
40753
40762
40771
40780
40798
40807
40816
40825
40834
40843
40852
40861
40870
40879
40897
40906
40915
40924
40933
40942
40951
40960
40969
40978
40996
41005
41014
41023
41032
41041
41050
41059
41068
41077
41095
41104
41113
41122
41131
41140
41149
41158
41167
41176
41194
41203
41212
41221
41230
41239
41248
41257
41266
41275
41293
41302
41311
41320
41329
41338
41347
41356
41365
41374
41392
41401
41410
41419
41428
41437
41446
41455
41464
41473
41491
41500
41509
41518
41527
41536
41545
41554
41563
41572
41590
41599
41608
41617
41626
41635
41644
41653
41662
41671
41689
41698
41707
41716
41725
41734
41743
41752
41761
41770
41788
41797
41806
41815
41824
41833
41842
41851
41860
41869
41887
41896
41905
41914
41923
41932
41941
41950
41959
41968
41986
41995
42004
42013
42022
42031
42040
42049
42058
42067
42085
42094
42103
42112
42121
42130
42139
42148
42157
42166
42184
42193
42202
42211
42220
42229
42238
42247
42256
42265
42283
42292
42301
42310
42319
42328
42337
42346
42355
42364
42382
42391
42400
42409
42418
42427
42436
42445
42454
42463
42481
42490
42499
42508
42517
42526
42535
42544
42553
42562
42580
42589
42598
42607
42616
42625
42634
42643
42652
42661
42679
42688
42697
42706
42715
42724
42733
42742
42751
42760
42778
42787
42796
42805
42814
42823
42832
42841
42850
42859
42877
42886
42895
42904
42913
42922
42931
42940
42949
42958
42976
42985
42994
43003
43012
43021
43030
43039
43048
43057
43075
43084
43093
43102
43111
43120
43129
43138
43147
43156
43174
43183
43192
43201
43210
43219
43228
43237
43246
43255
43273
43282
43291
43300
43309
43318
43327
43336
43345
43354
43372
43381
43390
43399
43408
43417
43426
43435
43444
43453
43471
43480
43489
43498
43507
43516
43525
43534
43543
43552
43570
43579
43588
43597
43606
43615
43624
43633
43642
43651
43669
43678
43687
43696
43705
43714
43723
43732
43741
43750
43768
43777
43786
43795
43804
43813
43822
43831
43840
43849
43867
43876
43885
43894
43903
43912
43921
43930
43939
43948
43966
43975
43984
43993
44002
44011
44020
44029
44038
44047
44065
44074
44083
44092
44101
44110
44119
44128
44137
44146
44164
44173
44182
44191
44200
44209
44218
44227
44236
44245
44263
44272
44281
44290
44299
44308
44317
44326
44335
44344
44362
44371
44380
44389
44398
44407
44416
44425
44434
44443
44461
44470
44479
44488
44497
44506
44515
44524
44533
44542
44560
44569
44578
44587
44596
44605
44614
44623
44632
44641
44659
44668
44677
44686
44695
44704
44713
44722
44731
44740
44758
44767
44776
44785
44794
44803
44812
44821
44830
44839
44857
44866
44875
44884
44893
44902
44911
44920
44929
44938
44956
44965
44974
44983
44992
45001
45010
45019
45028
45037
45055
45064
45073
45082
45091
45100
45109
45118
45127
45136
45154
45163
45172
45181
45190
45199
45208
45217
45226
45235
45253
45262
45271
45280
45289
45298
45307
45316
45325
45334
45352
45361
45370
45379
45388
45397
45406
45415
45424
45433
45451
45460
45469
45478
45487
45496
45505
45514
45523
45532
45550
45559
45568
45577
45586
45595
45604
45613
45622
45631
45649
45658
45667
45676
45685
45694
45703
45712
45721
45730
45748
45757
45766
45775
45784
45793
45802
45811
45820
45829
45847
45856
45865
45874
45883
45892
45901
45910
45919
45928
45946
45955
45964
45973
45982
45991
46000
46009
46018
46027
46045
46054
46063
46072
46081
46090
46099
46108
46117
46126
46144
46153
46162
46171
46180
46189
46198
46207
46216
46225
46243
46252
46261
46270
46279
46288
46297
46306
46315
46324
46342
46351
46360
46369
46378
46387
46396
46405
46414
46423
46441
46450
46459
46468
46477
46486
46495
46504
46513
46522
46540
46549
46558
46567
46576
46585
46594
46603
46612
46621
46639
46648
46657
46666
46675
46684
46693
46702
46711
46720
46738
46747
46756
46765
46774
46783
46792
46801
46810
46819
46837
46846
46855
46864
46873
46882
46891
46900
46909
46918
46936
46945
46954
46963
46972
46981
46990
46999
47008
47017
47035
47044
47053
47062
47071
47080
47089
47098
47107
47116
47134
47143
47152
47161
47170
47179
47188
47197
47206
47215
47233
47242
47251
47260
47269
47278
47287
47296
47305
47314
47332
47341
47350
47359
47368
47377
47386
47395
47404
47413
47431
47440
47449
47458
47467
47476
47485
47494
47503
47512
47530
47539
47548
47557
47566
47575
47584
47593
47602
47611
47629
47638
47647
47656
47665
47674
47683
47692
47701
47710
47728
47737
47746
47755
47764
47773
47782
47791
47800
47809
47827
47836
47845
47854
47863
47872
47881
47890
47899
47908
47926
47935
47944
47953
47962
47971
47980
47989
47998
48007
48025
48034
48043
48052
48061
48070
48079
48088
48097
48106
48124
48133
48142
48151
48160
48169
48178
48187
48196
48205
48223
48232
48241
48250
48259
48268
48277
48286
48295
48304
48322
48331
48340
48349
48358
48367
48376
48385
48394
48403
48421
48430
48439
48448
48457
48466
48475
48484
48493
48502
48520
48529
48538
48547
48556
48565
48574
48583
48592
48601
48619
48628
48637
48646
48655
48664
48673
48682
48691
48700
48718
48727
48736
48745
48754
48763
48772
48781
48790
48799
48817
48826
48835
48844
48853
48862
48871
48880
48889
48898
48916
48925
48934
48943
48952
48961
48970
48979
48988
48997
49015
49024
49033
49042
49051
49060
49069
49078
49087
49096
49114
49123
49132
49141
49150
49159
49168
49177
49186
49195
49213
49222
49231
49240
49249
49258
49267
49276
49285
49294
49312
49321
49330
49339
49348
49357
49366
49375
49384
49393
49411
49420
49429
49438
49447
49456
49465
49474
49483
49492
49510
49519
49528
49537
49546
49555
49564
49573
49582
49591
49609
49618
49627
49636
49645
49654
49663
49672
49681
49690
49708
49717
49726
49735
49744
49753
49762
49771
49780
49789
49807
49816
49825
49834
49843
49852
49861
49870
49879
49888
49906
49915
49924
49933
49942
49951
49960
49969
49978
49987
50005
50014
50023
50032
50041
50050
50059
50068
50077
50086
50104
50113
50122
50131
50140
50149
50158
50167
50176
50185
50203
50212
50221
50230
50239
50248
50257
50266
50275
50284
50302
50311
50320
50329
50338
50347
50356
50365
50374
50383
50401
50410
50419
50428
50437
50446
50455
50464
50473
50482
50500
50509
50518
50527
50536
50545
50554
50563
50572
50581
50599
50608
50617
50626
50635
50644
50653
50662
50671
50680
50698
50707
50716
50725
50734
50743
50752
50761
50770
50779
50797
50806
50815
50824
50833
50842
50851
50860
50869
50878
50896
50905
50914
50923
50932
50941
50950
50959
50968
50977
50995
51004
51013
51022
51031
51040
51049
51058
51067
51076
51094
51103
51112
51121
51130
51139
51148
51157
51166
51175
51193
51202
51211
51220
51229
51238
51247
51256
51265
51274
51292
51301
51310
51319
51328
51337
51346
51355
51364
51373
51391
51400
51409
51418
51427
51436
51445
51454
51463
51472
51490
51499
51508
51517
51526
51535
51544
51553
51562
51571
51589
51598
51607
51616
51625
51634
51643
51652
51661
51670
51688
51697
51706
51715
51724
51733
51742
51751
51760
51769
51787
51796
51805
51814
51823
51832
51841
51850
51859
51868
51886
51895
51904
51913
51922
51931
51940
51949
51958
51967
51985
51994
52003
52012
52021
52030
52039
52048
52057
52066
52084
52093
52102
52111
52120
52129
52138
52147
52156
52165
52183
52192
52201
52210
52219
52228
52237
52246
52255
52264
52282
52291
52300
52309
52318
52327
52336
52345
52354
52363
52381
52390
52399
52408
52417
52426
52435
52444
52453
52462
52480
52489
52498
52507
52516
52525
52534
52543
52552
52561
52579
52588
52597
52606
52615
52624
52633
52642
52651
52660
52678
52687
52696
52705
52714
52723
52732
52741
52750
52759
52777
52786
52795
52804
52813
52822
52831
52840
52849
52858
52876
52885
52894
52903
52912
52921
52930
52939
52948
52957
52975
52984
52993
53002
53011
53020
53029
53038
53047
53056
53074
53083
53092
53101
53110
53119
53128
53137
53146
53155
53173
53182
53191
53200
53209
53218
53227
53236
53245
53254
53272
53281
53290
53299
53308
53317
53326
53335
53344
53353
53371
53380
53389
53398
53407
53416
53425
53434
53443
53452
53470
53479
53488
53497
53506
53515
53524
53533
53542
53551
53569
53578
53587
53596
53605
53614
53623
53632
53641
53650
53668
53677
53686
53695
53704
53713
53722
53731
53740
53749
53767
53776
53785
53794
53803
53812
53821
53830
53839
53848
53866
53875
53884
53893
53902
53911
53920
53929
53938
53947
53965
53974
53983
53992
54001
54010
54019
54028
54037
54046
54064
54073
54082
54091
54100
54109
54118
54127
54136
54145
54163
54172
54181
54190
54199
54208
54217
54226
54235
54244
54262
54271
54280
54289
54298
54307
54316
54325
54334
54343
54361
54370
54379
54388
54397
54406
54415
54424
54433
54442
54460
54469
54478
54487
54496
54505
54514
54523
54532
54541
54559
54568
54577
54586
54595
54604
54613
54622
54631
54640
54658
54667
54676
54685
54694
54703
54712
54721
54730
54739
54757
54766
54775
54784
54793
54802
54811
54820
54829
54838
54856
54865
54874
54883
54892
54901
54910
54919
54928
54937
54955
54964
54973
54982
54991
55000
55009
55018
55027
55036
55054
55063
55072
55081
55090
55099
55108
55117
55126
55135
55153
55162
55171
55180
55189
55198
55207
55216
55225
55234
55252
55261
55270
55279
55288
55297
55306
55315
55324
55333
55351
55360
55369
55378
55387
55396
55405
55414
55423
55432
55450
55459
55468
55477
55486
55495
55504
55513
55522
55531
55549
55558
55567
55576
55585
55594
55603
55612
55621
55630
55648
55657
55666
55675
55684
55693
55702
55711
55720
55729
55747
55756
55765
55774
55783
55792
55801
55810
55819
55828
55846
55855
55864
55873
55882
55891
55900
55909
55918
55927
55945
55954
55963
55972
55981
55990
55999
56008
56017
56026
56044
56053
56062
56071
56080
56089
56098
56107
56116
56125
56143
56152
56161
56170
56179
56188
56197
56206
56215
56224
56242
56251
56260
56269
56278
56287
56296
56305
56314
56323
56341
56350
56359
56368
56377
56386
56395
56404
56413
56422
56440
56449
56458
56467
56476
56485
56494
56503
56512
56521
56539
56548
56557
56566
56575
56584
56593
56602
56611
56620
56638
56647
56656
56665
56674
56683
56692
56701
56710
56719
56737
56746
56755
56764
56773
56782
56791
56800
56809
56818
56836
56845
56854
56863
56872
56881
56890
56899
56908
56917
56935
56944
56953
56962
56971
56980
56989
56998
57007
57016
57034
57043
57052
57061
57070
57079
57088
57097
57106
57115
57133
57142
57151
57160
57169
57178
57187
57196
57205
57214
57232
57241
57250
57259
57268
57277
57286
57295
57304
57313
57331
57340
57349
57358
57367
57376
57385
57394
57403
57412
57430
57439
57448
57457
57466
57475
57484
57493
57502
57511
57529
57538
57547
57556
57565
57574
57583
57592
57601
57610
57628
57637
57646
57655
57664
57673
57682
57691
57700
57709
57727
57736
57745
57754
57763
57772
57781
57790
57799
57808
57826
57835
57844
57853
57862
57871
57880
57889
57898
57907
57925
57934
57943
57952
57961
57970
57979
57988
57997
58006
58024
58033
58042
58051
58060
58069
58078
58087
58096
58105
58123
58132
58141
58150
58159
58168
58177
58186
58195
58204
58222
58231
58240
58249
58258
58267
58276
58285
58294
58303
58321
58330
58339
58348
58357
58366
58375
58384
58393
58402
58420
58429
58438
58447
58456
58465
58474
58483
58492
58501
58519
58528
58537
58546
58555
58564
58573
58582
58591
58600
58618
58627
58636
58645
58654
58663
58672
58681
58690
58699
58717
58726
58735
58744
58753
58762
58771
58780
58789
58798
58816
58825
58834
58843
58852
58861
58870
58879
58888
58897
58915
58924
58933
58942
58951
58960
58969
58978
58987
58996
59014
59023
59032
59041
59050
59059
59068
59077
59086
59095
59113
59122
59131
59140
59149
59158
59167
59176
59185
59194
59212
59221
59230
59239
59248
59257
59266
59275
59284
59293
59311
59320
59329
59338
59347
59356
59365
59374
59383
59392
59410
59419
59428
59437
59446
59455
59464
59473
59482
59491
59509
59518
59527
59536
59545
59554
59563
59572
59581
59590
59608
59617
59626
59635
59644
59653
59662
59671
59680
59689
59707
59716
59725
59734
59743
59752
59761
59770
59779
59788
59806
59815
59824
59833
59842
59851
59860
59869
59878
59887
59905
59914
59923
59932
59941
59950
59959
59968
59977
59986
60004
60013
60022
60031
60040
60049
60058
60067
60076
60085
60103
60112
60121
60130
60139
60148
60157
60166
60175
60184
60202
60211
60220
60229
60238
60247
60256
60265
60274
60283
60301
60310
60319
60328
60337
60346
60355
60364
60373
60382
60400
60409
60418
60427
60436
60445
60454
60463
60472
60481
60499
60508
60517
60526
60535
60544
60553
60562
60571
60580
60598
60607
60616
60625
60634
60643
60652
60661
60670
60679
60697
60706
60715
60724
60733
60742
60751
60760
60769
60778
60796
60805
60814
60823
60832
60841
60850
60859
60868
60877
60895
60904
60913
60922
60931
60940
60949
60958
60967
60976
60994
61003
61012
61021
61030
61039
61048
61057
61066
61075
61093
61102
61111
61120
61129
61138
61147
61156
61165
61174
61192
61201
61210
61219
61228
61237
61246
61255
61264
61273
61291
61300
61309
61318
61327
61336
61345
61354
61363
61372
61390
61399
61408
61417
61426
61435
61444
61453
61462
61471
61489
61498
61507
61516
61525
61534
61543
61552
61561
61570
61588
61597
61606
61615
61624
61633
61642
61651
61660
61669
61687
61696
61705
61714
61723
61732
61741
61750
61759
61768
61786
61795
61804
61813
61822
61831
61840
61849
61858
61867
61885
61894
61903
61912
61921
61930
61939
61948
61957
61966
61984
61993
62002
62011
62020
62029
62038
62047
62056
62065
62083
62092
62101
62110
62119
62128
62137
62146
62155
62164
62182
62191
62200
62209
62218
62227
62236
62245
62254
62263
62281
62290
62299
62308
62317
62326
62335
62344
62353
62362
62380
62389
62398
62407
62416
62425
62434
62443
62452
62461
62479
62488
62497
62506
62515
62524
62533
62542
62551
62560
62578
62587
62596
62605
62614
62623
62632
62641
62650
62659
62677
62686
62695
62704
62713
62722
62731
62740
62749
62758
62776
62785
62794
62803
62812
62821
62830
62839
62848
62857
62875
62884
62893
62902
62911
62920
62929
62938
62947
62956
62974
62983
62992
63001
63010
63019
63028
63037
63046
63055
63073
63082
63091
63100
63109
63118
63127
63136
63145
63154
63172
63181
63190
63199
63208
63217
63226
63235
63244
63253
63271
63280
63289
63298
63307
63316
63325
63334
63343
63352
63370
63379
63388
63397
63406
63415
63424
63433
63442
63451
63469
63478
63487
63496
63505
63514
63523
63532
63541
63550
63568
63577
63586
63595
63604
63613
63622
63631
63640
63649
63667
63676
63685
63694
63703
63712
63721
63730
63739
63748
63766
63775
63784
63793
63802
63811
63820
63829
63838
63847
63865
63874
63883
63892
63901
63910
63919
63928
63937
63946
63964
63973
63982
63991
64000
64009
64018
64027
64036
64045
64063
64072
64081
64090
64099
64108
64117
64126
64135
64144
64162
64171
64180
64189
64198
64207
64216
64225
64234
64243
64261
64270
64279
64288
64297
64306
64315
64324
64333
64342
64360
64369
64378
64387
64396
64405
64414
64423
64432
64441
64459
64468
64477
64486
64495
64504
64513
64522
64531
64540
64558
64567
64576
64585
64594
64603
64612
64621
64630
64639
64657
64666
64675
64684
64693
64702
64711
64720
64729
64738
64756
64765
64774
64783
64792
64801
64810
64819
64828
64837
64855
64864
64873
64882
64891
64900
64909
64918
64927
64936
64954
64963
64972
64981
64990
64999
65008
65017
65026
65035
65053
65062
65071
65080
65089
65098
65107
65116
65125
65134
65152
65161
65170
65179
65188
65197
65206
65215
65224
65233
65251
65260
65269
65278
65287
65296
65305
65314
65323
65332
65350
65359
65368
65377
65386
65395
65404
65413
65422
65431
65449
65458
65467
65476
65485
65494
65503
65512
65521
65530
65548
65557
65566
65575
65584
65593
65602
65611
65620
65629
65647
65656
65665
65674
65683
65692
65701
65710
65719
65728
65746
65755
65764
65773
65782
65791
65800
65809
65818
65827
65845
65854
65863
65872
65881
65890
65899
65908
65917
65926
65944
65953
65962
65971
65980
65989
65998
66007
66016
66025
66043
66052
66061
66070
66079
66088
66097
66106
66115
66124
66142
66151
66160
66169
66178
66187
66196
66205
66214
66223
66241
66250
66259
66268
66277
66286
66295
66304
66313
66322
66340
66349
66358
66367
66376
66385
66394
66403
66412
66421
66439
66448
66457
66466
66475
66484
66493
66502
66511
66520
66538
66547
66556
66565
66574
66583
66592
66601
66610
66619
66637
66646
66655
66664
66673
66682
66691
66700
66709
66718
66736
66745
66754
66763
66772
66781
66790
66799
66808
66817
66835
66844
66853
66862
66871
66880
66889
66898
66907
66916
66934
66943
66952
66961
66970
66979
66988
66997
67006
67015
67033
67042
67051
67060
67069
67078
67087
67096
67105
67114
67132
67141
67150
67159
67168
67177
67186
67195
67204
67213
67231
67240
67249
67258
67267
67276
67285
67294
67303
67312
67330
67339
67348
67357
67366
67375
67384
67393
67402
67411
67429
67438
67447
67456
67465
67474
67483
67492
67501
67510
67528
67537
67546
67555
67564
67573
67582
67591
67600
67609
67627
67636
67645
67654
67663
67672
67681
67690
67699
67708
67726
67735
67744
67753
67762
67771
67780
67789
67798
67807
67825
67834
67843
67852
67861
67870
67879
67888
67897
67906
67924
67933
67942
67951
67960
67969
67978
67987
67996
68005
68023
68032
68041
68050
68059
68068
68077
68086
68095
68104
68122
68131
68140
68149
68158
68167
68176
68185
68194
68203
68221
68230
68239
68248
68257
68266
68275
68284
68293
68302
68320
68329
68338
68347
68356
68365
68374
68383
68392
68401
68419
68428
68437
68446
68455
68464
68473
68482
68491
68500
68518
68527
68536
68545
68554
68563
68572
68581
68590
68599
68617
68626
68635
68644
68653
68662
68671
68680
68689
68698
68716
68725
68734
68743
68752
68761
68770
68779
68788
68797
68815
68824
68833
68842
68851
68860
68869
68878
68887
68896
68914
68923
68932
68941
68950
68959
68968
68977
68986
68995
69013
69022
69031
69040
69049
69058
69067
69076
69085
69094
69112
69121
69130
69139
69148
69157
69166
69175
69184
69193
69211
69220
69229
69238
69247
69256
69265
69274
69283
69292
69310
69319
69328
69337
69346
69355
69364
69373
69382
69391
69409
69418
69427
69436
69445
69454
69463
69472
69481
69490
69508
69517
69526
69535
69544
69553
69562
69571
69580
69589
69607
69616
69625
69634
69643
69652
69661
69670
69679
69688
69706
69715
69724
69733
69742
69751
69760
69769
69778
69787
69805
69814
69823
69832
69841
69850
69859
69868
69877
69886
69904
69913
69922
69931
69940
69949
69958
69967
69976
69985
70003
70012
70021
70030
70039
70048
70057
70066
70075
70084
70102
70111
70120
70129
70138
70147
70156
70165
70174
70183
70201
70210
70219
70228
70237
70246
70255
70264
70273
70282
70300
70309
70318
70327
70336
70345
70354
70363
70372
70381
70399
70408
70417
70426
70435
70444
70453
70462
70471
70480
70498
70507
70516
70525
70534
70543
70552
70561
70570
70579
70597
70606
70615
70624
70633
70642
70651
70660
70669
70678
70696
70705
70714
70723
70732
70741
70750
70759
70768
70777
70795
70804
70813
70822
70831
70840
70849
70858
70867
70876
70894
70903
70912
70921
70930
70939
70948
70957
70966
70975
70993
71002
71011
71020
71029
71038
71047
71056
71065
71074
71092
71101
71110
71119
71128
71137
71146
71155
71164
71173
71191
71200
71209
71218
71227
71236
71245
71254
71263
71272
71290
71299
71308
71317
71326
71335
71344
71353
71362
71371
71389
71398
71407
71416
71425
71434
71443
71452
71461
71470
71488
71497
71506
71515
71524
71533
71542
71551
71560
71569
71587
71596
71605
71614
71623
71632
71641
71650
71659
71668
71686
71695
71704
71713
71722
71731
71740
71749
71758
71767
71785
71794
71803
71812
71821
71830
71839
71848
71857
71866
71884
71893
71902
71911
71920
71929
71938
71947
71956
71965
71983
71992
72001
72010
72019
72028
72037
72046
72055
72064
72082
72091
72100
72109
72118
72127
72136
72145
72154
72163
72181
72190
72199
72208
72217
72226
72235
72244
72253
72262
72280
72289
72298
72307
72316
72325
72334
72343
72352
72361
72379
72388
72397
72406
72415
72424
72433
72442
72451
72460
72478
72487
72496
72505
72514
72523
72532
72541
72550
72559
72577
72586
72595
72604
72613
72622
72631
72640
72649
72658
72676
72685
72694
72703
72712
72721
72730
72739
72748
72757
72775
72784
72793
72802
72811
72820
72829
72838
72847
72856
72874
72883
72892
72901
72910
72919
72928
72937
72946
72955
72973
72982
72991
73000
73009
73018
73027
73036
73045
73054
73072
73081
73090
73099
73108
73117
73126
73135
73144
73153
73171
73180
73189
73198
73207
73216
73225
73234
73243
73252
73270
73279
73288
73297
73306
73315
73324
73333
73342
73351
73369
73378
73387
73396
73405
73414
73423
73432
73441
73450
73468
73477
73486
73495
73504
73513
73522
73531
73540
73549
73567
73576
73585
73594
73603
73612
73621
73630
73639
73648
73666
73675
73684
73693
73702
73711
73720
73729
73738
73747
73765
73774
73783
73792
73801
73810
73819
73828
73837
73846
73864
73873
73882
73891
73900
73909
73918
73927
73936
73945
73963
73972
73981
73990
73999
74008
74017
74026
74035
74044
74062
74071
74080
74089
74098
74107
74116
74125
74134
74143
74161
74170
74179
74188
74197
74206
74215
74224
74233
74242
74260
74269
74278
74287
74296
74305
74314
74323
74332
74341
74359
74368
74377
74386
74395
74404
74413
74422
74431
74440
74458
74467
74476
74485
74494
74503
74512
74521
74530
74539
74557
74566
74575
74584
74593
74602
74611
74620
74629
74638
74656
74665
74674
74683
74692
74701
74710
74719
74728
74737
74755
74764
74773
74782
74791
74800
74809
74818
74827
74836
74854
74863
74872
74881
74890
74899
74908
74917
74926
74935
74953
74962
74971
74980
74989
74998
75007
75016
75025
75034
75052
75061
75070
75079
75088
75097
75106
75115
75124
75133
75151
75160
75169
75178
75187
75196
75205
75214
75223
75232
75250
75259
75268
75277
75286
75295
75304
75313
75322
75331
75349
75358
75367
75376
75385
75394
75403
75412
75421
75430
75448
75457
75466
75475
75484
75493
75502
75511
75520
75529
75547
75556
75565
75574
75583
75592
75601
75610
75619
75628
75646
75655
75664
75673
75682
75691
75700
75709
75718
75727
75745
75754
75763
75772
75781
75790
75799
75808
75817
75826
75844
75853
75862
75871
75880
75889
75898
75907
75916
75925
75943
75952
75961
75970
75979
75988
75997
76006
76015
76024
76042
76051
76060
76069
76078
76087
76096
76105
76114
76123
76141
76150
76159
76168
76177
76186
76195
76204
76213
76222
76240
76249
76258
76267
76276
76285
76294
76303
76312
76321
76339
76348
76357
76366
76375
76384
76393
76402
76411
76420
76438
76447
76456
76465
76474
76483
76492
76501
76510
76519
76537
76546
76555
76564
76573
76582
76591
76600
76609
76618
76636
76645
76654
76663
76672
76681
76690
76699
76708
76717
76735
76744
76753
76762
76771
76780
76789
76798
76807
76816
76834
76843
76852
76861
76870
76879
76888
76897
76906
76915
76933
76942
76951
76960
76969
76978
76987
76996
77005
77014
77032
77041
77050
77059
77068
77077
77086
77095
77104
77113
77131
77140
77149
77158
77167
77176
77185
77194
77203
77212
77230
77239
77248
77257
77266
77275
77284
77293
77302
77311
77329
77338
77347
77356
77365
77374
77383
77392
77401
77410
77428
77437
77446
77455
77464
77473
77482
77491
77500
77509
77527
77536
77545
77554
77563
77572
77581
77590
77599
77608
77626
77635
77644
77653
77662
77671
77680
77689
77698
77707
77725
77734
77743
77752
77761
77770
77779
77788
77797
77806
77824
77833
77842
77851
77860
77869
77878
77887
77896
77905
77923
77932
77941
77950
77959
77968
77977
77986
77995
78004
78022
78031
78040
78049
78058
78067
78076
78085
78094
78103
78121
78130
78139
78148
78157
78166
78175
78184
78193
78202
78220
78229
78238
78247
78256
78265
78274
78283
78292
78301
78319
78328
78337
78346
78355
78364
78373
78382
78391
78400
78418
78427
78436
78445
78454
78463
78472
78481
78490
78499
78517
78526
78535
78544
78553
78562
78571
78580
78589
78598
78616
78625
78634
78643
78652
78661
78670
78679
78688
78697
78715
78724
78733
78742
78751
78760
78769
78778
78787
78796
78814
78823
78832
78841
78850
78859
78868
78877
78886
78895
78913
78922
78931
78940
78949
78958
78967
78976
78985
78994
79012
79021
79030
79039
79048
79057
79066
79075
79084
79093
79111
79120
79129
79138
79147
79156
79165
79174
79183
79192
79210
79219
79228
79237
79246
79255
79264
79273
79282
79291
79309
79318
79327
79336
79345
79354
79363
79372
79381
79390
79408
79417
79426
79435
79444
79453
79462
79471
79480
79489
79507
79516
79525
79534
79543
79552
79561
79570
79579
79588
79606
79615
79624
79633
79642
79651
79660
79669
79678
79687
79705
79714
79723
79732
79741
79750
79759
79768
79777
79786
79804
79813
79822
79831
79840
79849
79858
79867
79876
79885
79903
79912
79921
79930
79939
79948
79957
79966
79975
79984
80002
80011
80020
80029
80038
80047
80056
80065
80074
80083
80101
80110
80119
80128
80137
80146
80155
80164
80173
80182
80200
80209
80218
80227
80236
80245
80254
80263
80272
80281
80299
80308
80317
80326
80335
80344
80353
80362
80371
80380
80398
80407
80416
80425
80434
80443
80452
80461
80470
80479
80497
80506
80515
80524
80533
80542
80551
80560
80569
80578
80596
80605
80614
80623
80632
80641
80650
80659
80668
80677
80695
80704
80713
80722
80731
80740
80749
80758
80767
80776
80794
80803
80812
80821
80830
80839
80848
80857
80866
80875
80893
80902
80911
80920
80929
80938
80947
80956
80965
80974
80992
81001
81010
81019
81028
81037
81046
81055
81064
81073
81091
81100
81109
81118
81127
81136
81145
81154
81163
81172
81190
81199
81208
81217
81226
81235
81244
81253
81262
81271
81289
81298
81307
81316
81325
81334
81343
81352
81361
81370
81388
81397
81406
81415
81424
81433
81442
81451
81460
81469
81487
81496
81505
81514
81523
81532
81541
81550
81559
81568
81586
81595
81604
81613
81622
81631
81640
81649
81658
81667
81685
81694
81703
81712
81721
81730
81739
81748
81757
81766
81784
81793
81802
81811
81820
81829
81838
81847
81856
81865
81883
81892
81901
81910
81919
81928
81937
81946
81955
81964
81982
81991
82000
82009
82018
82027
82036
82045
82054
82063
82081
82090
82099
82108
82117
82126
82135
82144
82153
82162
82180
82189
82198
82207
82216
82225
82234
82243
82252
82261
82279
82288
82297
82306
82315
82324
82333
82342
82351
82360
82378
82387
82396
82405
82414
82423
82432
82441
82450
82459
82477
82486
82495
82504
82513
82522
82531
82540
82549
82558
82576
82585
82594
82603
82612
82621
82630
82639
82648
82657
82675
82684
82693
82702
82711
82720
82729
82738
82747
82756
82774
82783
82792
82801
82810
82819
82828
82837
82846
82855
82873
82882
82891
82900
82909
82918
82927
82936
82945
82954
82972
82981
82990
82999
83008
83017
83026
83035
83044
83053
83071
83080
83089
83098
83107
83116
83125
83134
83143
83152
83170
83179
83188
83197
83206
83215
83224
83233
83242
83251
83269
83278
83287
83296
83305
83314
83323
83332
83341
83350
83368
83377
83386
83395
83404
83413
83422
83431
83440
83449
83467
83476
83485
83494
83503
83512
83521
83530
83539
83548
83566
83575
83584
83593
83602
83611
83620
83629
83638
83647
83665
83674
83683
83692
83701
83710
83719
83728
83737
83746
83764
83773
83782
83791
83800
83809
83818
83827
83836
83845
83863
83872
83881
83890
83899
83908
83917
83926
83935
83944
83962
83971
83980
83989
83998
84007
84016
84025
84034
84043
84061
84070
84079
84088
84097
84106
84115
84124
84133
84142
84160
84169
84178
84187
84196
84205
84214
84223
84232
84241
84259
84268
84277
84286
84295
84304
84313
84322
84331
84340
84358
84367
84376
84385
84394
84403
84412
84421
84430
84439
84457
84466
84475
84484
84493
84502
84511
84520
84529
84538
84556
84565
84574
84583
84592
84601
84610
84619
84628
84637
84655
84664
84673
84682
84691
84700
84709
84718
84727
84736
84754
84763
84772
84781
84790
84799
84808
84817
84826
84835
84853
84862
84871
84880
84889
84898
84907
84916
84925
84934
84952
84961
84970
84979
84988
84997
85006
85015
85024
85033
85051
85060
85069
85078
85087
85096
85105
85114
85123
85132
85150
85159
85168
85177
85186
85195
85204
85213
85222
85231
85249
85258
85267
85276
85285
85294
85303
85312
85321
85330
85348
85357
85366
85375
85384
85393
85402
85411
85420
85429
85447
85456
85465
85474
85483
85492
85501
85510
85519
85528
85546
85555
85564
85573
85582
85591
85600
85609
85618
85627
85645
85654
85663
85672
85681
85690
85699
85708
85717
85726
85744
85753
85762
85771
85780
85789
85798
85807
85816
85825
85843
85852
85861
85870
85879
85888
85897
85906
85915
85924
85942
85951
85960
85969
85978
85987
85996
86005
86014
86023
86041
86050
86059
86068
86077
86086
86095
86104
86113
86122
86140
86149
86158
86167
86176
86185
86194
86203
86212
86221
86239
86248
86257
86266
86275
86284
86293
86302
86311
86320
86338
86347
86356
86365
86374
86383
86392
86401
86410
86419
86437
86446
86455
86464
86473
86482
86491
86500
86509
86518
86536
86545
86554
86563
86572
86581
86590
86599
86608
86617
86635
86644
86653
86662
86671
86680
86689
86698
86707
86716
86734
86743
86752
86761
86770
86779
86788
86797
86806
86815
86833
86842
86851
86860
86869
86878
86887
86896
86905
86914
86932
86941
86950
86959
86968
86977
86986
86995
87004
87013
87031
87040
87049
87058
87067
87076
87085
87094
87103
87112
87130
87139
87148
87157
87166
87175
87184
87193
87202
87211
87229
87238
87247
87256
87265
87274
87283
87292
87301
87310
87328
87337
87346
87355
87364
87373
87382
87391
87400
87409
87427
87436
87445
87454
87463
87472
87481
87490
87499
87508
87526
87535
87544
87553
87562
87571
87580
87589
87598
87607
87625
87634
87643
87652
87661
87670
87679
87688
87697
87706
87724
87733
87742
87751
87760
87769
87778
87787
87796
87805
87823
87832
87841
87850
87859
87868
87877
87886
87895
87904
87922
87931
87940
87949
87958
87967
87976
87985
87994
88003
88021
88030
88039
88048
88057
88066
88075
88084
88093
88102
88120
88129
88138
88147
88156
88165
88174
88183
88192
88201
88219
88228
88237
88246
88255
88264
88273
88282
88291
88300
88318
88327
88336
88345
88354
88363
88372
88381
88390
88399
88417
88426
88435
88444
88453
88462
88471
88480
88489
88498
88516
88525
88534
88543
88552
88561
88570
88579
88588
88597
88615
88624
88633
88642
88651
88660
88669
88678
88687
88696
88714
88723
88732
88741
88750
88759
88768
88777
88786
88795
88813
88822
88831
88840
88849
88858
88867
88876
88885
88894
88912
88921
88930
88939
88948
88957
88966
88975
88984
88993
89011
89020
89029
89038
89047
89056
89065
89074
89083
89092
89110
89119
89128
89137
89146
89155
89164
89173
89182
89191
89209
89218
89227
89236
89245
89254
89263
89272
89281
89290
89308
89317
89326
89335
89344
89353
89362
89371
89380
89389
89407
89416
89425
89434
89443
89452
89461
89470
89479
89488
89506
89515
89524
89533
89542
89551
89560
89569
89578
89587
89605
89614
89623
89632
89641
89650
89659
89668
89677
89686
89704
89713
89722
89731
89740
89749
89758
89767
89776
89785
89803
89812
89821
89830
89839
89848
89857
89866
89875
89884
89902
89911
89920
89929
89938
89947
89956
89965
89974
89983
90001
90010
90019
90028
90037
90046
90055
90064
90073
90082
90100
90109
90118
90127
90136
90145
90154
90163
90172
90181
90199
90208
90217
90226
90235
90244
90253
90262
90271
90280
90298
90307
90316
90325
90334
90343
90352
90361
90370
90379
90397
90406
90415
90424
90433
90442
90451
90460
90469
90478
90496
90505
90514
90523
90532
90541
90550
90559
90568
90577
90595
90604
90613
90622
90631
90640
90649
90658
90667
90676
90694
90703
90712
90721
90730
90739
90748
90757
90766
90775
90793
90802
90811
90820
90829
90838
90847
90856
90865
90874
90892
90901
90910
90919
90928
90937
90946
90955
90964
90973
90991
91000
91009
91018
91027
91036
91045
91054
91063
91072
91090
91099
91108
91117
91126
91135
91144
91153
91162
91171
91189
91198
91207
91216
91225
91234
91243
91252
91261
91270
91288
91297
91306
91315
91324
91333
91342
91351
91360
91369
91387
91396
91405
91414
91423
91432
91441
91450
91459
91468
91486
91495
91504
91513
91522
91531
91540
91549
91558
91567
91585
91594
91603
91612
91621
91630
91639
91648
91657
91666
91684
91693
91702
91711
91720
91729
91738
91747
91756
91765
91783
91792
91801
91810
91819
91828
91837
91846
91855
91864
91882
91891
91900
91909
91918
91927
91936
91945
91954
91963
91981
91990
91999
92008
92017
92026
92035
92044
92053
92062
92080
92089
92098
92107
92116
92125
92134
92143
92152
92161
92179
92188
92197
92206
92215
92224
92233
92242
92251
92260
92278
92287
92296
92305
92314
92323
92332
92341
92350
92359
92377
92386
92395
92404
92413
92422
92431
92440
92449
92458
92476
92485
92494
92503
92512
92521
92530
92539
92548
92557
92575
92584
92593
92602
92611
92620
92629
92638
92647
92656
92674
92683
92692
92701
92710
92719
92728
92737
92746
92755
92773
92782
92791
92800
92809
92818
92827
92836
92845
92854
92872
92881
92890
92899
92908
92917
92926
92935
92944
92953
92971
92980
92989
92998
93007
93016
93025
93034
93043
93052
93070
93079
93088
93097
93106
93115
93124
93133
93142
93151
93169
93178
93187
93196
93205
93214
93223
93232
93241
93250
93268
93277
93286
93295
93304
93313
93322
93331
93340
93349
93367
93376
93385
93394
93403
93412
93421
93430
93439
93448
93466
93475
93484
93493
93502
93511
93520
93529
93538
93547
93565
93574
93583
93592
93601
93610
93619
93628
93637
93646
93664
93673
93682
93691
93700
93709
93718
93727
93736
93745
93763
93772
93781
93790
93799
93808
93817
93826
93835
93844
93862
93871
93880
93889
93898
93907
93916
93925
93934
93943
93961
93970
93979
93988
93997
94006
94015
94024
94033
94042
94060
94069
94078
94087
94096
94105
94114
94123
94132
94141
94159
94168
94177
94186
94195
94204
94213
94222
94231
94240
94258
94267
94276
94285
94294
94303
94312
94321
94330
94339
94357
94366
94375
94384
94393
94402
94411
94420
94429
94438
94456
94465
94474
94483
94492
94501
94510
94519
94528
94537
94555
94564
94573
94582
94591
94600
94609
94618
94627
94636
94654
94663
94672
94681
94690
94699
94708
94717
94726
94735
94753
94762
94771
94780
94789
94798
94807
94816
94825
94834
94852
94861
94870
94879
94888
94897
94906
94915
94924
94933
94951
94960
94969
94978
94987
94996
95005
95014
95023
95032
95050
95059
95068
95077
95086
95095
95104
95113
95122
95131
95149
95158
95167
95176
95185
95194
95203
95212
95221
95230
95248
95257
95266
95275
95284
95293
95302
95311
95320
95329
95347
95356
95365
95374
95383
95392
95401
95410
95419
95428
95446
95455
95464
95473
95482
95491
95500
95509
95518
95527
95545
95554
95563
95572
95581
95590
95599
95608
95617
95626
95644
95653
95662
95671
95680
95689
95698
95707
95716
95725
95743
95752
95761
95770
95779
95788
95797
95806
95815
95824
95842
95851
95860
95869
95878
95887
95896
95905
95914
95923
95941
95950
95959
95968
95977
95986
95995
96004
96013
96022
96040
96049
96058
96067
96076
96085
96094
96103
96112
96121
96139
96148
96157
96166
96175
96184
96193
96202
96211
96220
96238
96247
96256
96265
96274
96283
96292
96301
96310
96319
96337
96346
96355
96364
96373
96382
96391
96400
96409
96418
96436
96445
96454
96463
96472
96481
96490
96499
96508
96517
96535
96544
96553
96562
96571
96580
96589
96598
96607
96616
96634
96643
96652
96661
96670
96679
96688
96697
96706
96715
96733
96742
96751
96760
96769
96778
96787
96796
96805
96814
96832
96841
96850
96859
96868
96877
96886
96895
96904
96913
96931
96940
96949
96958
96967
96976
96985
96994
97003
97012
97030
97039
97048
97057
97066
97075
97084
97093
97102
97111
97129
97138
97147
97156
97165
97174
97183
97192
97201
97210
97228
97237
97246
97255
97264
97273
97282
97291
97300
97309
97327
97336
97345
97354
97363
97372
97381
97390
97399
97408
97426
97435
97444
97453
97462
97471
97480
97489
97498
97507
97525
97534
97543
97552
97561
97570
97579
97588
97597
97606
97624
97633
97642
97651
97660
97669
97678
97687
97696
97705
97723
97732
97741
97750
97759
97768
97777
97786
97795
97804
97822
97831
97840
97849
97858
97867
97876
97885
97894
97903
97921
97930
97939
97948
97957
97966
97975
97984
97993
98002
98020
98029
98038
98047
98056
98065
98074
98083
98092
98101
98119
98128
98137
98146
98155
98164
98173
98182
98191
98200
98218
98227
98236
98245
98254
98263
98272
98281
98290
98299
98317
98326
98335
98344
98353
98362
98371
98380
98389
98398
98416
98425
98434
98443
98452
98461
98470
98479
98488
98497
98515
98524
98533
98542
98551
98560
98569
98578
98587
98596
98614
98623
98632
98641
98650
98659
98668
98677
98686
98695
98713
98722
98731
98740
98749
98758
98767
98776
98785
98794
98812
98821
98830
98839
98848
98857
98866
98875
98884
98893
98911
98920
98929
98938
98947
98956
98965
98974
98983
98992
99010
